1732863204536 1.89555 0
1732863227141 1.85248 1
1732863249323 1.88707 2
1732863272121 1.86912 3
1732863293479 1.86275 4
1732863313041 1.81723 5
1732863334920 1.79284 6
1732863355542 1.74981 7
1732863377561 1.73862 8
1732863399130 1.7551 9
1732863420300 1.72003 10
1732863443150 1.74555 11
1732863464570 1.68281 12
1732863484536 1.68697 13
1732863507166 1.67848 14
1732863528419 1.59524 15
1732863549569 1.70343 16
1732863571248 1.6376 17
1732863592325 1.6446 18
1732863614342 1.6158 19
1732863635730 1.56101 20
1732863656648 1.62535 21
1732863677493 1.5662 22
1732863699425 1.55474 23
1732863720860 1.519 24
1732863742116 1.574 25
1732863763297 1.51661 26
1732863785701 1.52863 27
1732863807903 1.51727 28
1732863828661 1.52138 29
1732863850083 1.50763 30
1732863871687 1.53839 31
1732863893653 1.50947 32
1732863914551 1.4542 33
1732863935227 1.45404 34
1732863957035 1.46937 35
1732863978095 1.42621 36
1732864001153 1.47146 37
1732864021882 1.44564 38
1732864042507 1.40613 39
1732864066384 1.54101 40
1732864087126 1.47611 41
1732864108144 1.47359 42
1732864130907 1.45591 43
1732864151680 1.4151 44
1732864172095 1.39068 45
1732864194930 1.40558 46
1732864214667 1.39897 47
1732864235559 1.3698 48
1732864256680 1.3826 49
