1732863204536 3.77407 0
1732863227141 2.89402 1
1732863249323 2.70914 2
1732863272121 2.41322 3
1732863293479 2.26328 4
1732863313041 2.10004 5
1732863334920 2.07018 6
1732863355542 1.94877 7
1732863377561 1.81814 8
1732863399130 1.80616 9
1732863420300 1.75552 10
1732863443150 1.69982 11
1732863464570 1.62936 12
1732863484536 1.59745 13
1732863507166 1.61218 14
1732863528419 1.53012 15
1732863549569 1.63474 16
1732863571248 1.58564 17
1732863592325 1.51012 18
1732863614342 1.52156 19
1732863635730 1.40596 20
1732863656648 1.4825 21
1732863677493 1.43631 22
1732863699425 1.42668 23
1732863720860 1.416 24
1732863742116 1.45872 25
1732863763297 1.42214 26
1732863785701 1.39575 27
1732863807903 1.42422 28
1732863828661 1.36706 29
1732863850083 1.36818 30
1732863871687 1.35761 31
1732863893653 1.33646 32
1732863914551 1.32951 33
1732863935227 1.29719 34
1732863957035 1.28561 35
1732863978095 1.28123 36
1732864001153 1.28511 37
1732864021882 1.27526 38
1732864042507 1.23772 39
1732864066384 1.28649 40
1732864087126 1.27457 41
1732864108144 1.22129 42
1732864130907 1.19068 43
1732864151680 1.19462 44
1732864172095 1.13816 45
1732864194930 1.13767 46
1732864214667 1.13316 47
1732864235559 1.14954 48
1732864256680 1.12676 49
