1732863204536 1.8769 0
1732863227141 1.79752 1
1732863249323 1.80579 2
1732863272121 1.83037 3
1732863293479 1.79405 4
1732863313041 1.76817 5
1732863334920 1.76376 6
1732863355542 1.71989 7
1732863377561 1.7279 8
1732863399130 1.6993 9
1732863420300 1.69351 10
1732863443150 1.68281 11
1732863464570 1.66402 12
1732863484536 1.64988 13
1732863507166 1.6486 14
1732863528419 1.61039 15
1732863549569 1.64162 16
1732863571248 1.60409 17
1732863592325 1.6308 18
1732863614342 1.62458 19
1732863635730 1.55601 20
1732863656648 1.5825 21
1732863677493 1.59534 22
1732863699425 1.57828 23
1732863720860 1.5389 24
1732863742116 1.59159 25
1732863763297 1.54166 26
1732863785701 1.55858 27
1732863807903 1.53348 28
1732863828661 1.51934 29
1732863850083 1.52362 30
1732863871687 1.54952 31
1732863893653 1.5083 32
1732863914551 1.5052 33
1732863935227 1.47802 34
1732863957035 1.51038 35
1732863978095 1.49686 36
1732864001153 1.50171 37
1732864021882 1.47429 38
1732864042507 1.47763 39
1732864066384 1.58647 40
1732864087126 1.5511 41
1732864108144 1.56424 42
1732864130907 1.52573 43
1732864151680 1.49777 44
1732864172095 1.48911 45
1732864194930 1.50989 46
1732864214667 1.50184 47
1732864235559 1.46958 48
1732864256680 1.47195 49
