1732854238659 1.9474 0
1732854251613 1.8005 1
1732854264433 1.90551 2
1732854277230 1.88872 3
1732854290544 1.82439 4
1732854303277 1.80652 5
1732854315523 1.78907 6
1732854328243 1.77426 7
1732854340803 1.77493 8
1732854353255 1.75862 9
1732854365958 1.71869 10
1732854378276 1.68614 11
1732854391508 1.69357 12
1732854404371 1.67574 13
1732854416859 1.68735 14
1732854429457 1.64127 15
1732854442037 1.64668 16
1732854454425 1.64518 17
1732854467242 1.58208 18
1732854479754 1.58536 19
1732854492449 1.60596 20
1732854505003 1.58669 21
1732854517372 1.56349 22
1732854530050 1.58118 23
1732854542298 1.57709 24
1732854554914 1.53733 25
1732854567582 1.563 26
1732854580624 1.55401 27
1732854593522 1.51161 28
1732854605948 1.5189 29
1732854618420 1.51427 30
1732854631094 1.50974 31
1732854643504 1.45914 32
1732854656228 1.50239 33
1732854668876 1.44257 34
1732854681163 1.44282 35
1732854693866 1.4294 36
1732854706232 1.46563 37
1732854718915 1.41142 38
1732854731575 1.42865 39
1732854745166 1.49336 40
1732854758277 1.45234 41
1732854770655 1.45917 42
1732854783351 1.4543 43
1732854795922 1.39052 44
1732854808232 1.41149 45
1732854820685 1.40134 46
1732854832923 1.40703 47
1732854845386 1.39302 48
1732854857842 1.38713 49
