1732854238659 3.78025 0
1732854251613 2.86031 1
1732854264433 2.65785 2
1732854277230 2.44771 3
1732854290544 2.20817 4
1732854303277 2.11893 5
1732854315523 1.93419 6
1732854328243 1.90136 7
1732854340803 1.80227 8
1732854353255 1.79512 9
1732854365958 1.76589 10
1732854378276 1.67978 11
1732854391508 1.64964 12
1732854404371 1.62516 13
1732854416859 1.55953 14
1732854429457 1.53566 15
1732854442037 1.57003 16
1732854454425 1.57059 17
1732854467242 1.46698 18
1732854479754 1.47169 19
1732854492449 1.4413 20
1732854505003 1.44913 21
1732854517372 1.42388 22
1732854530050 1.43945 23
1732854542298 1.46442 24
1732854554914 1.40324 25
1732854567582 1.44195 26
1732854580624 1.40969 27
1732854593522 1.36473 28
1732854605948 1.37176 29
1732854618420 1.35171 30
1732854631094 1.40412 31
1732854643504 1.30139 32
1732854656228 1.32619 33
1732854668876 1.30154 34
1732854681163 1.2963 35
1732854693866 1.25683 36
1732854706232 1.29124 37
1732854718915 1.27777 38
1732854731575 1.25955 39
1732854745166 1.25664 40
1732854758277 1.17645 41
1732854770655 1.18531 42
1732854783351 1.18426 43
1732854795922 1.14448 44
1732854808232 1.16646 45
1732854820685 1.14653 46
1732854832923 1.14068 47
1732854845386 1.10998 48
1732854857842 1.15073 49
