1732854238659 1.89382 0
1732854251613 1.78361 1
1732854264433 1.82927 2
1732854277230 1.82566 3
1732854290544 1.80122 4
1732854303277 1.75534 5
1732854315523 1.74722 6
1732854328243 1.75713 7
1732854340803 1.73792 8
1732854353255 1.69279 9
1732854365958 1.66581 10
1732854378276 1.66588 11
1732854391508 1.65632 12
1732854404371 1.66012 13
1732854416859 1.64172 14
1732854429457 1.62064 15
1732854442037 1.62597 16
1732854454425 1.61986 17
1732854467242 1.57129 18
1732854479754 1.60962 19
1732854492449 1.59788 20
1732854505003 1.5856 21
1732854517372 1.57201 22
1732854530050 1.58436 23
1732854542298 1.57601 24
1732854554914 1.56242 25
1732854567582 1.57846 26
1732854580624 1.52769 27
1732854593522 1.54092 28
1732854605948 1.5433 29
1732854618420 1.5242 30
1732854631094 1.5602 31
1732854643504 1.5056 32
1732854656228 1.51706 33
1732854668876 1.49088 34
1732854681163 1.49666 35
1732854693866 1.47343 36
1732854706232 1.48067 37
1732854718915 1.47331 38
1732854731575 1.47967 39
1732854745166 1.54316 40
1732854758277 1.52946 41
1732854770655 1.53251 42
1732854783351 1.50672 43
1732854795922 1.47866 44
1732854808232 1.49906 45
1732854820685 1.49994 46
1732854832923 1.49556 47
1732854845386 1.48874 48
1732854857842 1.48248 49
