1732849925875 0.00040849673202614386 0
1732849935552 0.0008088251633986928 1
1732849944724 0.0011926535947712417 2
1732849953869 0.00117575 3
1732849963148 0.0011510000000000001 4
1732849972178 0.00112625 5
1732849981151 0.0011015 6
1732849990214 0.00107675 7
1732849999178 0.001052 8
1732850008701 0.0010272500000000002 9
1732850017789 0.0010025000000000001 10
1732850026777 0.00097775 11
1732850035713 0.000953 12
1732850044562 0.00092825 13
1732850053660 0.0009035 14
1732850062586 0.00087875 15
1732850071610 0.0008539999999999999 16
1732850080586 0.0008292499999999999 17
1732850089544 0.0008045000000000001 18
1732850098451 0.0007797500000000001 19
1732850107428 0.000755 20
1732850116306 0.0007302500000000001 21
1732850125305 0.0007055000000000001 22
1732850134314 0.0006807500000000001 23
1732850143398 0.0006560000000000001 24
1732850152346 0.00063125 25
1732850161468 0.0006064999999999999 26
1732850170398 0.00058175 27
1732850179437 0.000557 28
1732850188994 0.0005322500000000001 29
1732850198481 0.0005075 30
1732850207648 0.00048275 31
1732850216742 0.000458 32
1732850225932 0.00043325 33
1732850234975 0.0004085 34
1732850244001 0.0003837500000000001 35
1732850253012 0.000359 36
1732850262001 0.00033425 37
1732850271033 0.0003095 38
1732850280073 0.00028474999999999996 39
1732850290081 0.00026 40
1732850298990 0.00023525000000000008 41
1732850307814 0.00021050000000000008 42
1732850316695 0.00018575000000000002 43
1732850325570 0.000161 44
1732850334465 0.00013624999999999998 45
1732850343402 0.00011149999999999995 46
1732850352296 8.675000000000006e-05 47
1732850361220 6.200000000000006e-05 48
1732850370548 3.7250000000000025e-05 49
