1732849927797 0.07558 0
1732849937259 0.07912 1
1732849946492 0.07886 2
1732849955673 0.1028 3
1732849964809 0.13035 4
1732849973770 0.09887 5
1732849982778 0.15693 6
1732849991738 0.14629 7
1732850000839 0.16528 8
1732850010351 0.19193 9
1732850019376 0.17366 10
1732850028312 0.1851 11
1732850037220 0.14874 12
1732850046142 0.2041 13
1732850055201 0.18643 14
1732850064191 0.20551 15
1732850073202 0.22052 16
1732850082140 0.26056 17
1732850091055 0.21273 18
1732850100003 0.24126 19
1732850108936 0.21925 20
1732850117818 0.23005 21
1732850126893 0.23746 22
1732850135959 0.26498 23
1732850144967 0.24644 24
1732850153986 0.26265 25
1732850162958 0.23556 26
1732850171977 0.27659 27
1732850181081 0.25704 28
1732850190799 0.26383 29
1732850200128 0.27775 30
1732850209215 0.27512 31
1732850218401 0.28799 32
1732850227467 0.29698 33
1732850236503 0.29394 34
1732850245509 0.29347 35
1732850254500 0.29389 36
1732850263546 0.32167 37
1732850272592 0.27615 38
1732850281602 0.3205 39
1732850291616 0.31065 40
1732850300493 0.29902 41
1732850309321 0.31443 42
1732850318221 0.31733 43
1732850327160 0.334 44
1732850336043 0.31357 45
1732850344970 0.34036 46
1732850353803 0.33532 47
1732850362840 0.32608 48
1732850372073 0.33422 49
1732850377878 0.34069054248282155 49
