1732849927797 0.1458 0
1732849937259 0.15462 1
1732849946492 0.26003 2
1732849955673 0.31812 3
1732849964809 0.36091 4
1732849973770 0.27989 5
1732849982778 0.39517 6
1732849991738 0.35553 7
1732850000839 0.40341 8
1732850010351 0.4656 9
1732850019376 0.41675 10
1732850028312 0.44224 11
1732850037220 0.34753 12
1732850046142 0.5059 13
1732850055201 0.51464 14
1732850064191 0.51229 15
1732850073202 0.5563 16
1732850082140 0.59268 17
1732850091055 0.53537 18
1732850100003 0.56083 19
1732850108936 0.51926 20
1732850117818 0.52964 21
1732850126893 0.58213 22
1732850135959 0.56632 23
1732850144967 0.56821 24
1732850153986 0.61702 25
1732850162958 0.58195 26
1732850171977 0.60838 27
1732850181081 0.60843 28
1732850190799 0.62381 29
1732850200128 0.65291 30
1732850209215 0.62531 31
1732850218401 0.64433 32
1732850227467 0.70156 33
1732850236503 0.66317 34
1732850245509 0.66213 35
1732850254500 0.7196 36
1732850263546 0.71538 37
1732850272592 0.59067 38
1732850281602 0.71668 39
1732850291616 0.69389 40
1732850300493 0.67628 41
1732850309321 0.70006 42
1732850318221 0.71281 43
1732850327160 0.721 44
1732850336043 0.71923 45
1732850344970 0.73813 46
1732850353803 0.7345 47
1732850362840 0.72695 48
1732850372073 0.72425 49
1732850377878 0.7383290004603335 49
