1732849927797 0.0054 0
1732849937259 0.65589 1
1732849946492 0.38793 2
1732849955673 0.24336 3
1732849964809 0.32482 4
1732849973770 0.31874 5
1732849982778 0.23354 6
1732849991738 0.23923 7
1732850000839 0.44013 8
1732850010351 0.31161 9
1732850019376 0.3975 10
1732850028312 0.35949 11
1732850037220 0.27086 12
1732850046142 0.42553 13
1732850055201 0.44599 14
1732850064191 0.33203 15
1732850073202 0.44049 16
1732850082140 0.56821 17
1732850091055 0.42099 18
1732850100003 0.41059 19
1732850108936 0.48901 20
1732850117818 0.50524 21
1732850126893 0.57301 22
1732850135959 0.41532 23
1732850144967 0.44638 24
1732850153986 0.56534 25
1732850162958 0.44075 26
1732850171977 0.59937 27
1732850181081 0.53411 28
1732850190799 0.48142 29
1732850200128 0.61817 30
1732850209215 0.45359 31
1732850218401 0.49445 32
1732850227467 0.5654 33
1732850236503 0.52422 34
1732850245509 0.50696 35
1732850254500 0.64008 36
1732850263546 0.5874 37
1732850272592 0.46557 38
1732850281602 0.61947 39
1732850291616 0.60196 40
1732850300493 0.57272 41
1732850309321 0.63604 42
1732850318221 0.66908 43
1732850327160 0.63697 44
1732850336043 0.65979 45
1732850344970 0.69283 46
1732850353803 0.70257 47
1732850362840 0.61598 48
1732850372073 0.64709 49
1732850377878 0.6901402109533407 49
