1732849927797 0.71174 0
1732849937259 0.1318 1
1732849946492 0.21404 2
1732849955673 0.58885 3
1732849964809 0.4243 4
1732849973770 0.40652 5
1732849982778 0.67437 6
1732849991738 0.58421 7
1732850000839 0.56592 8
1732850010351 0.57376 9
1732850019376 0.527 10
1732850028312 0.54669 11
1732850037220 0.55136 12
1732850046142 0.53268 13
1732850055201 0.61957 14
1732850064191 0.73547 15
1732850073202 0.67013 16
1732850082140 0.57048 17
1732850091055 0.62948 18
1732850100003 0.62778 19
1732850108936 0.62739 20
1732850117818 0.60291 21
1732850126893 0.66954 22
1732850135959 0.70108 23
1732850144967 0.65719 24
1732850153986 0.64371 25
1732850162958 0.57183 26
1732850171977 0.67419 27
1732850181081 0.73052 28
1732850190799 0.72473 29
1732850200128 0.66929 30
1732850209215 0.70514 31
1732850218401 0.74547 32
1732850227467 0.71775 33
1732850236503 0.69497 34
1732850245509 0.73197 35
1732850254500 0.74287 36
1732850263546 0.78576 37
1732850272592 0.67558 38
1732850281602 0.75027 39
1732850291616 0.69148 40
1732850300493 0.68715 41
1732850309321 0.74085 42
1732850318221 0.70847 43
1732850327160 0.74031 44
1732850336043 0.70663 45
1732850344970 0.77717 46
1732850353803 0.78517 47
1732850362840 0.7475 48
1732850372073 0.73565 49
1732850377878 0.775797373358349 49
