1732860323430 1.89555 0
1732860333399 1.85248 1
1732860342592 1.88707 2
1732860351796 1.86912 3
1732860360893 1.86275 4
1732860370002 1.81723 5
1732860379067 1.79284 6
1732860388219 1.74981 7
1732860398391 1.73862 8
1732860408761 1.7551 9
1732860419240 1.72003 10
1732860428256 1.74555 11
1732860437274 1.68281 12
1732860446274 1.68697 13
1732860455284 1.67848 14
1732860464278 1.59524 15
1732860474282 1.70343 16
1732860484575 1.6376 17
1732860494879 1.6446 18
1732860506339 1.6158 19
1732860518602 1.56101 20
1732860529635 1.62535 21
1732860539801 1.5662 22
1732860549750 1.55474 23
1732860559811 1.519 24
1732860569354 1.574 25
1732860579325 1.51661 26
1732860589353 1.52863 27
1732860599692 1.51727 28
1732860612504 1.52138 29
1732860624103 1.50763 30
1732860638927 1.53839 31
1732860654298 1.50947 32
1732860667097 1.4542 33
1732860681828 1.45404 34
1732860697425 1.46937 35
1732860712276 1.42621 36
1732860726619 1.47146 37
1732860740980 1.44564 38
1732860755780 1.40613 39
1732860772502 1.54101 40
1732860786847 1.47611 41
1732860800863 1.47359 42
1732860815674 1.45591 43
1732860829939 1.4151 44
1732860844709 1.39068 45
