1732860323430 3.77407 0
1732860333399 2.89402 1
1732860342592 2.70914 2
1732860351796 2.41322 3
1732860360893 2.26328 4
1732860370002 2.10004 5
1732860379067 2.07018 6
1732860388219 1.94877 7
1732860398391 1.81814 8
1732860408761 1.80616 9
1732860419240 1.75552 10
1732860428256 1.69982 11
1732860437274 1.62936 12
1732860446274 1.59745 13
1732860455284 1.61218 14
1732860464278 1.53012 15
1732860474282 1.63474 16
1732860484575 1.58564 17
1732860494879 1.51012 18
1732860506339 1.52156 19
1732860518602 1.40596 20
1732860529635 1.4825 21
1732860539801 1.43631 22
1732860549750 1.42668 23
1732860559811 1.416 24
1732860569354 1.45872 25
1732860579325 1.42214 26
1732860589353 1.39575 27
1732860599692 1.42422 28
1732860612504 1.36706 29
1732860624103 1.36818 30
1732860638927 1.35761 31
1732860654298 1.33646 32
1732860667097 1.32951 33
1732860681828 1.29719 34
1732860697425 1.28561 35
1732860712276 1.28123 36
1732860726619 1.28511 37
1732860740980 1.27526 38
1732860755780 1.23772 39
1732860772502 1.28649 40
1732860786847 1.27457 41
1732860800863 1.22129 42
1732860815674 1.19068 43
1732860829939 1.19462 44
1732860844709 1.13816 45
