1732860323430 1.8769 0
1732860333399 1.79752 1
1732860342592 1.80579 2
1732860351796 1.83037 3
1732860360893 1.79405 4
1732860370002 1.76817 5
1732860379067 1.76376 6
1732860388219 1.71989 7
1732860398391 1.7279 8
1732860408761 1.6993 9
1732860419240 1.69351 10
1732860428256 1.68281 11
1732860437274 1.66402 12
1732860446274 1.64988 13
1732860455284 1.6486 14
1732860464278 1.61039 15
1732860474282 1.64162 16
1732860484575 1.60409 17
1732860494879 1.6308 18
1732860506339 1.62458 19
1732860518602 1.55601 20
1732860529635 1.5825 21
1732860539801 1.59534 22
1732860549750 1.57828 23
1732860559811 1.5389 24
1732860569354 1.59159 25
1732860579325 1.54166 26
1732860589353 1.55858 27
1732860599692 1.53348 28
1732860612504 1.51934 29
1732860624103 1.52362 30
1732860638927 1.54952 31
1732860654298 1.5083 32
1732860667097 1.5052 33
1732860681828 1.47802 34
1732860697425 1.51038 35
1732860712276 1.49686 36
1732860726619 1.50171 37
1732860740980 1.47429 38
1732860755780 1.47763 39
1732860772502 1.58647 40
1732860786847 1.5511 41
1732860800863 1.56424 42
1732860815674 1.52573 43
1732860829939 1.49777 44
1732860844709 1.48911 45
