1732860323430 0.00040849673202614386 0
1732860333399 0.0008088251633986928 1
1732860342592 0.0011926535947712417 2
1732860351796 0.00117575 3
1732860360893 0.0011510000000000001 4
1732860370002 0.00112625 5
1732860379067 0.0011015 6
1732860388219 0.00107675 7
1732860398391 0.001052 8
1732860408761 0.0010272500000000002 9
1732860419240 0.0010025000000000001 10
1732860428256 0.00097775 11
1732860437274 0.000953 12
1732860446274 0.00092825 13
1732860455284 0.0009035 14
1732860464278 0.00087875 15
1732860474282 0.0008539999999999999 16
1732860484575 0.0008292499999999999 17
1732860494879 0.0008045000000000001 18
1732860506339 0.0007797500000000001 19
1732860518602 0.000755 20
1732860529635 0.0007302500000000001 21
1732860539801 0.0007055000000000001 22
1732860549750 0.0006807500000000001 23
1732860559811 0.0006560000000000001 24
1732860569354 0.00063125 25
1732860579325 0.0006064999999999999 26
1732860589353 0.00058175 27
1732860599692 0.000557 28
1732860612504 0.0005322500000000001 29
1732860624103 0.0005075 30
1732860638927 0.00048275 31
1732860654298 0.000458 32
1732860667097 0.00043325 33
1732860681828 0.0004085 34
1732860697425 0.0003837500000000001 35
1732860712276 0.000359 36
1732860726619 0.00033425 37
1732860740980 0.0003095 38
1732860755780 0.00028474999999999996 39
1732860772502 0.00026 40
1732860786847 0.00023525000000000008 41
1732860800863 0.00021050000000000008 42
1732860815674 0.00018575000000000002 43
1732860829939 0.000161 44
1732860844709 0.00013624999999999998 45
