1732860325035 0.05028 0
1732860335035 0.0308 1
1732860344356 0.1164 2
1732860353433 0.1038 3
1732860362517 0.1122 4
1732860371615 0.1294 5
1732860380647 0.10004 6
1732860389912 0.1153 7
1732860400108 0.15386 8
1732860411122 0.16108 9
1732860420831 0.22819 10
1732860429786 0.16271 11
1732860438858 0.23259 12
1732860447839 0.19546 13
1732860456799 0.2192 14
1732860465813 0.22828 15
1732860475916 0.2277 16
1732860486276 0.22949 17
1732860496685 0.24346 18
1732860508504 0.22107 19
1732860520994 0.27228 20
1732860531448 0.2733 21
1732860541546 0.21779 22
1732860551403 0.22739 23
1732860561465 0.25218 24
1732860571006 0.24514 25
1732860581136 0.27076 26
1732860591229 0.25273 27
1732860601864 0.31249 28
1732860614345 0.29737 29
1732860626837 0.25095 30
1732860641993 0.2866 31
1732860656495 0.29707 32
1732860670153 0.28136 33
1732860684884 0.29205 34
1732860700288 0.29484 35
1732860715316 0.29263 36
1732860728850 0.28096 37
1732860744418 0.31961 38
1732860758452 0.28965 39
1732860775741 0.3098 40
1732860789178 0.29473 41
1732860804228 0.31378 42
1732860818230 0.33513 43
1732860833151 0.31548 44
