1732860325035 0.13658 0
1732860335035 0.11432 1
1732860344356 0.30488 2
1732860353433 0.24514 3
1732860362517 0.26687 4
1732860371615 0.30512 5
1732860380647 0.36661 6
1732860389912 0.31646 7
1732860400108 0.39245 8
1732860411122 0.53604 9
1732860420831 0.5303 10
1732860429786 0.44449 11
1732860438858 0.56075 12
1732860447839 0.41374 13
1732860456799 0.58979 14
1732860465813 0.50259 15
1732860475916 0.55329 16
1732860486276 0.59543 17
1732860496685 0.59515 18
1732860508504 0.54318 19
1732860520994 0.60215 20
1732860531448 0.61332 21
1732860541546 0.56782 22
1732860551403 0.53167 23
1732860561465 0.58263 24
1732860571006 0.59009 25
1732860581136 0.59526 26
1732860591229 0.57431 27
1732860601864 0.73986 28
1732860614345 0.69698 29
1732860626837 0.57237 30
1732860641993 0.66542 31
1732860656495 0.65216 32
1732860670153 0.64865 33
1732860684884 0.69763 34
1732860700288 0.64851 35
1732860715316 0.66012 36
1732860728850 0.67462 37
1732860744418 0.71607 38
1732860758452 0.69376 39
1732860775741 0.70213 40
1732860789178 0.67363 41
1732860804228 0.68126 42
1732860818230 0.76918 43
1732860833151 0.73614 44
