1732860325035 0.00753 0
1732860335035 0.30113 1
1732860344356 0.36435 2
1732860353433 0.14369 3
1732860362517 0.24788 4
1732860371615 0.19598 5
1732860380647 0.42239 6
1732860389912 0.21543 7
1732860400108 0.29418 8
1732860411122 0.37086 9
1732860420831 0.36157 10
1732860429786 0.40308 11
1732860438858 0.41931 12
1732860447839 0.33626 13
1732860456799 0.51949 14
1732860465813 0.34588 15
1732860475916 0.42141 16
1732860486276 0.47073 17
1732860496685 0.44595 18
1732860508504 0.45773 19
1732860520994 0.50004 20
1732860531448 0.56448 21
1732860541546 0.48046 22
1732860551403 0.42121 23
1732860561465 0.55153 24
1732860571006 0.46334 25
1732860581136 0.48975 26
1732860591229 0.44447 27
1732860601864 0.61212 28
1732860614345 0.57383 29
1732860626837 0.51486 30
1732860641993 0.57806 31
1732860656495 0.50294 32
1732860670153 0.51334 33
1732860684884 0.65516 34
1732860700288 0.60039 35
1732860715316 0.64237 36
1732860728850 0.63045 37
1732860744418 0.66796 38
1732860758452 0.6254 39
1732860775741 0.70066 40
1732860789178 0.61071 41
1732860804228 0.68863 42
1732860818230 0.73228 43
1732860833151 0.68633 44
