1732860325035 0.64837 0
1732860335035 0.19309 1
1732860344356 0.24664 2
1732860353433 0.57506 3
1732860362517 0.41071 4
1732860371615 0.64993 5
1732860380647 0.40403 6
1732860389912 0.56269 7
1732860400108 0.45828 8
1732860411122 0.64439 9
1732860420831 0.70872 10
1732860429786 0.52222 11
1732860438858 0.67049 12
1732860447839 0.44943 13
1732860456799 0.61806 14
1732860465813 0.64437 15
1732860475916 0.66957 16
1732860486276 0.72464 17
1732860496685 0.6838 18
1732860508504 0.59085 19
1732860520994 0.65522 20
1732860531448 0.65766 21
1732860541546 0.67383 22
1732860551403 0.61466 23
1732860561465 0.64629 24
1732860571006 0.66714 25
1732860581136 0.62781 26
1732860591229 0.7027 27
1732860601864 0.74783 28
1732860614345 0.69395 29
1732860626837 0.66861 30
1732860641993 0.62275 31
1732860656495 0.65005 32
1732860670153 0.70836 33
1732860684884 0.66742 34
1732860700288 0.68335 35
1732860715316 0.70847 36
1732860728850 0.64595 37
1732860744418 0.74953 38
1732860758452 0.74261 39
1732860775741 0.69326 40
1732860789178 0.70516 41
1732860804228 0.68956 42
1732860818230 0.78345 43
1732860833151 0.70682 44
