1732863204536 0.00040849673202614386 0
1732863227141 0.0008088251633986928 1
1732863249323 0.0011926535947712417 2
1732863272121 0.00117575 3
1732863293479 0.0011510000000000001 4
1732863313041 0.00112625 5
1732863334920 0.0011015 6
1732863355542 0.00107675 7
1732863377561 0.001052 8
1732863399130 0.0010272500000000002 9
1732863420300 0.0010025000000000001 10
1732863443150 0.00097775 11
1732863464570 0.000953 12
1732863484536 0.00092825 13
1732863507166 0.0009035 14
1732863528419 0.00087875 15
1732863549569 0.0008539999999999999 16
1732863571248 0.0008292499999999999 17
1732863592325 0.0008045000000000001 18
1732863614342 0.0007797500000000001 19
1732863635730 0.000755 20
1732863656648 0.0007302500000000001 21
1732863677493 0.0007055000000000001 22
1732863699425 0.0006807500000000001 23
1732863720860 0.0006560000000000001 24
1732863742116 0.00063125 25
1732863763297 0.0006064999999999999 26
1732863785701 0.00058175 27
1732863807903 0.000557 28
1732863828661 0.0005322500000000001 29
1732863850083 0.0005075 30
1732863871687 0.00048275 31
1732863893653 0.000458 32
1732863914551 0.00043325 33
1732863935227 0.0004085 34
1732863957035 0.0003837500000000001 35
1732863978095 0.000359 36
1732864001153 0.00033425 37
1732864021882 0.0003095 38
1732864042507 0.00028474999999999996 39
1732864066384 0.00026 40
1732864087126 0.00023525000000000008 41
1732864108144 0.00021050000000000008 42
1732864130907 0.00018575000000000002 43
1732864151680 0.000161 44
1732864172095 0.00013624999999999998 45
1732864194930 0.00011149999999999995 46
1732864214667 8.675000000000006e-05 47
1732864235559 6.200000000000006e-05 48
1732864256680 3.7250000000000025e-05 49
