1732854238659 0.00040849673202614386 0
1732854251613 0.0008088251633986928 1
1732854264433 0.0011926535947712417 2
1732854277230 0.00117575 3
1732854290544 0.0011510000000000001 4
1732854303277 0.00112625 5
1732854315523 0.0011015 6
1732854328243 0.00107675 7
1732854340803 0.001052 8
1732854353255 0.0010272500000000002 9
1732854365958 0.0010025000000000001 10
1732854378276 0.00097775 11
1732854391508 0.000953 12
1732854404371 0.00092825 13
1732854416859 0.0009035 14
1732854429457 0.00087875 15
1732854442037 0.0008539999999999999 16
1732854454425 0.0008292499999999999 17
1732854467242 0.0008045000000000001 18
1732854479754 0.0007797500000000001 19
1732854492449 0.000755 20
1732854505003 0.0007302500000000001 21
1732854517372 0.0007055000000000001 22
1732854530050 0.0006807500000000001 23
1732854542298 0.0006560000000000001 24
1732854554914 0.00063125 25
1732854567582 0.0006064999999999999 26
1732854580624 0.00058175 27
1732854593522 0.000557 28
1732854605948 0.0005322500000000001 29
1732854618420 0.0005075 30
1732854631094 0.00048275 31
1732854643504 0.000458 32
1732854656228 0.00043325 33
1732854668876 0.0004085 34
1732854681163 0.0003837500000000001 35
1732854693866 0.000359 36
1732854706232 0.00033425 37
1732854718915 0.0003095 38
1732854731575 0.00028474999999999996 39
1732854745166 0.00026 40
1732854758277 0.00023525000000000008 41
1732854770655 0.00021050000000000008 42
1732854783351 0.00018575000000000002 43
1732854795922 0.000161 44
1732854808232 0.00013624999999999998 45
1732854820685 0.00011149999999999995 46
1732854832923 8.675000000000006e-05 47
1732854845386 6.200000000000006e-05 48
1732854857842 3.7250000000000025e-05 49
