1732863210014 0.13658 0
1732863232941 0.11432 1
1732863255276 0.30488 2
1732863276645 0.24514 3
1732863298497 0.26687 4
1732863317999 0.30512 5
1732863340348 0.36661 6
1732863361420 0.31646 7
1732863381682 0.39245 8
1732863405446 0.53604 9
1732863425893 0.5303 10
1732863447482 0.44449 11
1732863469890 0.56075 12
1732863489919 0.41374 13
1732863511636 0.58979 14
1732863534025 0.50259 15
1732863554094 0.55329 16
1732863576150 0.59543 17
1732863597847 0.59515 18
1732863618997 0.54318 19
1732863640655 0.60215 20
1732863661742 0.61332 21
1732863683134 0.56782 22
1732863704389 0.53167 23
1732863725770 0.58263 24
1732863746762 0.59009 25
1732863768446 0.59526 26
1732863791499 0.57431 27
1732863812811 0.73986 28
1732863833751 0.69698 29
1732863855678 0.57237 30
1732863876669 0.66542 31
1732863898179 0.65216 32
1732863919447 0.64865 33
1732863939836 0.69763 34
1732863962126 0.64851 35
1732863984038 0.66012 36
1732864005994 0.67462 37
1732864027782 0.71607 38
1732864047744 0.69376 39
1732864070406 0.70213 40
1732864092836 0.67363 41
1732864113148 0.68126 42
1732864135067 0.76918 43
1732864156941 0.73614 44
1732864177589 0.73092 45
1732864199421 0.73041 46
1732864219867 0.73938 47
1732864239466 0.69885 48
1732864261806 0.71308 49
1732864275313 0.7390132373878435 49
