1732863210014 0.05028 0
1732863232941 0.0308 1
1732863255276 0.1164 2
1732863276645 0.1038 3
1732863298497 0.1122 4
1732863317999 0.1294 5
1732863340348 0.10004 6
1732863361420 0.1153 7
1732863381682 0.15386 8
1732863405446 0.16108 9
1732863425893 0.22819 10
1732863447482 0.16271 11
1732863469890 0.23259 12
1732863489919 0.19546 13
1732863511636 0.2192 14
1732863534025 0.22828 15
1732863554094 0.2277 16
1732863576150 0.22949 17
1732863597847 0.24346 18
1732863618997 0.22107 19
1732863640655 0.27228 20
1732863661742 0.2733 21
1732863683134 0.21779 22
1732863704389 0.22739 23
1732863725770 0.25218 24
1732863746762 0.24514 25
1732863768446 0.27076 26
1732863791499 0.25273 27
1732863812811 0.31249 28
1732863833751 0.29737 29
1732863855678 0.25095 30
1732863876669 0.2866 31
1732863898179 0.29707 32
1732863919447 0.28136 33
1732863939836 0.29205 34
1732863962126 0.29484 35
1732863984038 0.29263 36
1732864005994 0.28096 37
1732864027782 0.31961 38
1732864047744 0.28965 39
1732864070406 0.3098 40
1732864092836 0.29473 41
1732864113148 0.31378 42
1732864135067 0.33513 43
1732864156941 0.31548 44
1732864177589 0.33366 45
1732864199421 0.33506 46
1732864219867 0.34526 47
1732864239466 0.32945 48
1732864261806 0.33843 49
1732864275313 0.3451442520066646 49
