1732863210014 0.00753 0
1732863232941 0.30113 1
1732863255276 0.36435 2
1732863276645 0.14369 3
1732863298497 0.24788 4
1732863317999 0.19598 5
1732863340348 0.42239 6
1732863361420 0.21543 7
1732863381682 0.29418 8
1732863405446 0.37086 9
1732863425893 0.36157 10
1732863447482 0.40308 11
1732863469890 0.41931 12
1732863489919 0.33626 13
1732863511636 0.51949 14
1732863534025 0.34588 15
1732863554094 0.42141 16
1732863576150 0.47073 17
1732863597847 0.44595 18
1732863618997 0.45773 19
1732863640655 0.50004 20
1732863661742 0.56448 21
1732863683134 0.48046 22
1732863704389 0.42121 23
1732863725770 0.55153 24
1732863746762 0.46334 25
1732863768446 0.48975 26
1732863791499 0.44447 27
1732863812811 0.61212 28
1732863833751 0.57383 29
1732863855678 0.51486 30
1732863876669 0.57806 31
1732863898179 0.50294 32
1732863919447 0.51334 33
1732863939836 0.65516 34
1732863962126 0.60039 35
1732863984038 0.64237 36
1732864005994 0.63045 37
1732864027782 0.66796 38
1732864047744 0.6254 39
1732864070406 0.70066 40
1732864092836 0.61071 41
1732864113148 0.68863 42
1732864135067 0.73228 43
1732864156941 0.68633 44
1732864177589 0.65748 45
1732864199421 0.71152 46
1732864219867 0.70873 47
1732864239466 0.69403 48
1732864261806 0.7108 49
1732864275313 0.7071140441282293 49
