1732863210014 0.64837 0
1732863232941 0.19309 1
1732863255276 0.24664 2
1732863276645 0.57506 3
1732863298497 0.41071 4
1732863317999 0.64993 5
1732863340348 0.40403 6
1732863361420 0.56269 7
1732863381682 0.45828 8
1732863405446 0.64439 9
1732863425893 0.70872 10
1732863447482 0.52222 11
1732863469890 0.67049 12
1732863489919 0.44943 13
1732863511636 0.61806 14
1732863534025 0.64437 15
1732863554094 0.66957 16
1732863576150 0.72464 17
1732863597847 0.6838 18
1732863618997 0.59085 19
1732863640655 0.65522 20
1732863661742 0.65766 21
1732863683134 0.67383 22
1732863704389 0.61466 23
1732863725770 0.64629 24
1732863746762 0.66714 25
1732863768446 0.62781 26
1732863791499 0.7027 27
1732863812811 0.74783 28
1732863833751 0.69395 29
1732863855678 0.66861 30
1732863876669 0.62275 31
1732863898179 0.65005 32
1732863919447 0.70836 33
1732863939836 0.66742 34
1732863962126 0.68335 35
1732863984038 0.70847 36
1732864005994 0.64595 37
1732864027782 0.74953 38
1732864047744 0.74261 39
1732864070406 0.69326 40
1732864092836 0.70516 41
1732864113148 0.68956 42
1732864135067 0.78345 43
1732864156941 0.70682 44
1732864177589 0.70789 45
1732864199421 0.72131 46
1732864219867 0.70979 47
1732864239466 0.69422 48
1732864261806 0.7166 49
1732864275313 0.710874117196365 49
