1732854241507 0.1458 0
1732854254183 0.15462 1
1732854267064 0.26003 2
1732854280253 0.31812 3
1732854293091 0.36091 4
1732854305802 0.27989 5
1732854318072 0.39517 6
1732854330718 0.35553 7
1732854343217 0.40341 8
1732854355755 0.4656 9
1732854368442 0.41675 10
1732854380793 0.44224 11
1732854394210 0.34753 12
1732854406844 0.5059 13
1732854419332 0.51464 14
1732854431987 0.51229 15
1732854444274 0.5563 16
1732854457012 0.59268 17
1732854469695 0.53537 18
1732854482242 0.56083 19
1732854494963 0.51926 20
1732854507256 0.52964 21
1732854519892 0.58213 22
1732854532495 0.56632 23
1732854544780 0.56821 24
1732854557434 0.61702 25
1732854570146 0.58195 26
1732854583205 0.60838 27
1732854595987 0.60843 28
1732854608327 0.62381 29
1732854621002 0.65291 30
1732854633550 0.62531 31
1732854646015 0.64433 32
1732854658769 0.70156 33
1732854671052 0.66317 34
1732854683643 0.66213 35
1732854696362 0.7196 36
1732854708751 0.71538 37
1732854721405 0.59067 38
1732854733920 0.71668 39
1732854747696 0.69389 40
1732854760734 0.67628 41
1732854773142 0.70006 42
1732854785853 0.71281 43
1732854798296 0.721 44
1732854810667 0.71923 45
1732854823180 0.73813 46
1732854835362 0.7345 47
1732854847799 0.72695 48
1732854860287 0.72425 49
1732854867931 0.7383290004603335 49
