1732854241507 0.07558 0
1732854254183 0.07912 1
1732854267064 0.07886 2
1732854280253 0.1028 3
1732854293091 0.13035 4
1732854305802 0.09887 5
1732854318072 0.15693 6
1732854330718 0.14629 7
1732854343217 0.16528 8
1732854355755 0.19193 9
1732854368442 0.17366 10
1732854380793 0.1851 11
1732854394210 0.14874 12
1732854406844 0.2041 13
1732854419332 0.18643 14
1732854431987 0.20551 15
1732854444274 0.22052 16
1732854457012 0.26056 17
1732854469695 0.21273 18
1732854482242 0.24126 19
1732854494963 0.21925 20
1732854507256 0.23005 21
1732854519892 0.23746 22
1732854532495 0.26498 23
1732854544780 0.24644 24
1732854557434 0.26265 25
1732854570146 0.23556 26
1732854583205 0.27659 27
1732854595987 0.25704 28
1732854608327 0.26383 29
1732854621002 0.27775 30
1732854633550 0.27512 31
1732854646015 0.28799 32
1732854658769 0.29698 33
1732854671052 0.29394 34
1732854683643 0.29347 35
1732854696362 0.29389 36
1732854708751 0.32167 37
1732854721405 0.27615 38
1732854733920 0.3205 39
1732854747696 0.31065 40
1732854760734 0.29902 41
1732854773142 0.31443 42
1732854785853 0.31733 43
1732854798296 0.334 44
1732854810667 0.31357 45
1732854823180 0.34036 46
1732854835362 0.33532 47
1732854847799 0.32608 48
1732854860287 0.33422 49
1732854867931 0.34069054248282155 49
