1732854241507 0.0054 0
1732854254183 0.65589 1
1732854267064 0.38793 2
1732854280253 0.24336 3
1732854293091 0.32482 4
1732854305802 0.31874 5
1732854318072 0.23354 6
1732854330718 0.23923 7
1732854343217 0.44013 8
1732854355755 0.31161 9
1732854368442 0.3975 10
1732854380793 0.35949 11
1732854394210 0.27086 12
1732854406844 0.42553 13
1732854419332 0.44599 14
1732854431987 0.33203 15
1732854444274 0.44049 16
1732854457012 0.56821 17
1732854469695 0.42099 18
1732854482242 0.41059 19
1732854494963 0.48901 20
1732854507256 0.50524 21
1732854519892 0.57301 22
1732854532495 0.41532 23
1732854544780 0.44638 24
1732854557434 0.56534 25
1732854570146 0.44075 26
1732854583205 0.59937 27
1732854595987 0.53411 28
1732854608327 0.48142 29
1732854621002 0.61817 30
1732854633550 0.45359 31
1732854646015 0.49445 32
1732854658769 0.5654 33
1732854671052 0.52422 34
1732854683643 0.50696 35
1732854696362 0.64008 36
1732854708751 0.5874 37
1732854721405 0.46557 38
1732854733920 0.61947 39
1732854747696 0.60196 40
1732854760734 0.57272 41
1732854773142 0.63604 42
1732854785853 0.66908 43
1732854798296 0.63697 44
1732854810667 0.65979 45
1732854823180 0.69283 46
1732854835362 0.70257 47
1732854847799 0.61598 48
1732854860287 0.64709 49
1732854867931 0.6901402109533407 49
