1732854241507 0.71174 0
1732854254183 0.1318 1
1732854267064 0.21404 2
1732854280253 0.58885 3
1732854293091 0.4243 4
1732854305802 0.40652 5
1732854318072 0.67437 6
1732854330718 0.58421 7
1732854343217 0.56592 8
1732854355755 0.57376 9
1732854368442 0.527 10
1732854380793 0.54669 11
1732854394210 0.55136 12
1732854406844 0.53268 13
1732854419332 0.61957 14
1732854431987 0.73547 15
1732854444274 0.67013 16
1732854457012 0.57048 17
1732854469695 0.62948 18
1732854482242 0.62778 19
1732854494963 0.62739 20
1732854507256 0.60291 21
1732854519892 0.66954 22
1732854532495 0.70108 23
1732854544780 0.65719 24
1732854557434 0.64371 25
1732854570146 0.57183 26
1732854583205 0.67419 27
1732854595987 0.73052 28
1732854608327 0.72473 29
1732854621002 0.66929 30
1732854633550 0.70514 31
1732854646015 0.74547 32
1732854658769 0.71775 33
1732854671052 0.69497 34
1732854683643 0.73197 35
1732854696362 0.74287 36
1732854708751 0.78576 37
1732854721405 0.67558 38
1732854733920 0.75027 39
1732854747696 0.69148 40
1732854760734 0.68715 41
1732854773142 0.74085 42
1732854785853 0.70847 43
1732854798296 0.74031 44
1732854810667 0.70663 45
1732854823180 0.77717 46
1732854835362 0.78517 47
1732854847799 0.7475 48
1732854860287 0.73565 49
1732854867931 0.775797373358349 49
