1732849925875 1.9474 0
1732849935552 1.8005 1
1732849944724 1.90551 2
1732849953869 1.88872 3
1732849963148 1.82439 4
1732849972178 1.80652 5
1732849981151 1.78907 6
1732849990214 1.77426 7
1732849999178 1.77493 8
1732850008701 1.75862 9
1732850017789 1.71869 10
1732850026777 1.68614 11
1732850035713 1.69357 12
1732850044562 1.67574 13
1732850053660 1.68735 14
1732850062586 1.64127 15
1732850071610 1.64668 16
1732850080586 1.64518 17
1732850089544 1.58208 18
1732850098451 1.58536 19
1732850107428 1.60596 20
1732850116306 1.58669 21
1732850125305 1.56349 22
1732850134314 1.58118 23
1732850143398 1.57709 24
1732850152346 1.53733 25
1732850161468 1.563 26
1732850170398 1.55401 27
1732850179437 1.51161 28
1732850188994 1.5189 29
1732850198481 1.51427 30
1732850207648 1.50974 31
1732850216742 1.45914 32
1732850225932 1.50239 33
1732850234975 1.44257 34
1732850244001 1.44282 35
1732850253012 1.4294 36
1732850262001 1.46563 37
1732850271033 1.41142 38
1732850280073 1.42865 39
1732850290081 1.49336 40
1732850298990 1.45234 41
1732850307814 1.45917 42
1732850316695 1.4543 43
1732850325570 1.39052 44
1732850334465 1.41149 45
1732850343402 1.40134 46
1732850352296 1.40703 47
1732850361220 1.39302 48
1732850370548 1.38713 49
