1732849925875 3.78025 0
1732849935552 2.86031 1
1732849944724 2.65785 2
1732849953869 2.44771 3
1732849963148 2.20817 4
1732849972178 2.11893 5
1732849981151 1.93419 6
1732849990214 1.90136 7
1732849999178 1.80227 8
1732850008701 1.79512 9
1732850017789 1.76589 10
1732850026777 1.67978 11
1732850035713 1.64964 12
1732850044562 1.62516 13
1732850053660 1.55953 14
1732850062586 1.53566 15
1732850071610 1.57003 16
1732850080586 1.57059 17
1732850089544 1.46698 18
1732850098451 1.47169 19
1732850107428 1.4413 20
1732850116306 1.44913 21
1732850125305 1.42388 22
1732850134314 1.43945 23
1732850143398 1.46442 24
1732850152346 1.40324 25
1732850161468 1.44195 26
1732850170398 1.40969 27
1732850179437 1.36473 28
1732850188994 1.37176 29
1732850198481 1.35171 30
1732850207648 1.40412 31
1732850216742 1.30139 32
1732850225932 1.32619 33
1732850234975 1.30154 34
1732850244001 1.2963 35
1732850253012 1.25683 36
1732850262001 1.29124 37
1732850271033 1.27777 38
1732850280073 1.25955 39
1732850290081 1.25664 40
1732850298990 1.17645 41
1732850307814 1.18531 42
1732850316695 1.18426 43
1732850325570 1.14448 44
1732850334465 1.16646 45
1732850343402 1.14653 46
1732850352296 1.14068 47
1732850361220 1.10998 48
1732850370548 1.15073 49
