1732849925875 1.89382 0
1732849935552 1.78361 1
1732849944724 1.82927 2
1732849953869 1.82566 3
1732849963148 1.80122 4
1732849972178 1.75534 5
1732849981151 1.74722 6
1732849990214 1.75713 7
1732849999178 1.73792 8
1732850008701 1.69279 9
1732850017789 1.66581 10
1732850026777 1.66588 11
1732850035713 1.65632 12
1732850044562 1.66012 13
1732850053660 1.64172 14
1732850062586 1.62064 15
1732850071610 1.62597 16
1732850080586 1.61986 17
1732850089544 1.57129 18
1732850098451 1.60962 19
1732850107428 1.59788 20
1732850116306 1.5856 21
1732850125305 1.57201 22
1732850134314 1.58436 23
1732850143398 1.57601 24
1732850152346 1.56242 25
1732850161468 1.57846 26
1732850170398 1.52769 27
1732850179437 1.54092 28
1732850188994 1.5433 29
1732850198481 1.5242 30
1732850207648 1.5602 31
1732850216742 1.5056 32
1732850225932 1.51706 33
1732850234975 1.49088 34
1732850244001 1.49666 35
1732850253012 1.47343 36
1732850262001 1.48067 37
1732850271033 1.47331 38
1732850280073 1.47967 39
1732850290081 1.54316 40
1732850298990 1.52946 41
1732850307814 1.53251 42
1732850316695 1.50672 43
1732850325570 1.47866 44
1732850334465 1.49906 45
1732850343402 1.49994 46
1732850352296 1.49556 47
1732850361220 1.48874 48
1732850370548 1.48248 49
